#FRAME_1
0.91325 -0.347574 -0.212525 225.76 
-0.369275 -0.926568 -0.0714728 277.454 
-0.172077 0.143753 -0.974538 10422.8 
994.306 781.778
##
#FRAME_2
0.884392 -0.383418 0.26616 219.409 
-0.302802 -0.90528 -0.29796 269.266 
0.355192 0.182919 -0.916722 10122.2 
994.222 781.859
##
#FRAME_3
0.896572 -0.385106 0.218751 220.541 
-0.31258 -0.900108 -0.303478 270.118 
0.313771 0.203713 -0.927388 10172.7 
994.249 781.739
##
#FRAME_4
0.931307 -0.36409 -0.0102356 227.981 
-0.364219 -0.930642 -0.0353517 280.071 
0.00334557 0.0366513 -0.999323 10519.9 
994.297 781.823
##
#FRAME_5
0.883634 -0.380215 0.273182 221.673 
-0.309024 -0.911997 -0.26975 271.708 
0.351704 0.153941 -0.923367 10228.1 
994.245 781.726
##
#FRAME_6
0.875413 -0.38124 0.297168 219.371 
-0.3023 -0.911512 -0.278857 268.921 
0.377183 0.154281 -0.913198 10125.2 
994.213 781.731
##
#FRAME_7
0.877619 -0.388383 0.280968 218.718 
-0.305246 -0.904725 -0.297151 267.902 
0.369607 0.175021 -0.912556 10097.2 
994.204 781.706
##
#FRAME_8
0.898874 -0.380293 0.217722 220.421 
-0.310227 -0.903158 -0.296757 270.037 
0.309492 0.199203 -0.929802 10165.2 
994.27 781.775
##
#FRAME_9
0.925802 -0.368055 0.0861809 224.721 
-0.341568 -0.912186 -0.226381 275.634 
0.161934 0.180147 -0.970219 10373.6 
994.242 781.761
##
#FRAME_10
0.8876 -0.386584 0.250436 219.222 
-0.305386 -0.900922 -0.308348 268.577 
0.344826 0.19721 -0.917716 10110.2 
994.237 781.778
##
#FRAME_11
0.924645 -0.369352 0.0927981 224.914 
-0.340177 -0.910589 -0.234751 275.545 
0.171207 0.185493 -0.967616 10366.1 
994.316 781.784
##
#FRAME_12
##
#FRAME_13
0.931307 -0.363768 0.0184236 227.452 
-0.360304 -0.927489 -0.0997268 278.711 
0.0533651 0.0862382 -0.994844 10488.4 
994.332 781.738
##
#FRAME_14
0.931635 -0.363263 0.00984321 227.801 
-0.361362 -0.92894 -0.0805468 279.238 
0.0384034 0.0714832 -0.996702 10513.6 
994.261 781.692
##
#FRAME_15
0.931635 -0.363263 0.00984321 227.801 
-0.361362 -0.92894 -0.0805468 279.238 
0.0384034 0.0714832 -0.996702 10513.6 
994.259 781.698
##
#FRAME_16
0.930706 -0.364419 0.0313985 226.984 
-0.357565 -0.924551 -0.131729 278.246 
0.0770339 0.111374 -0.990788 10482.2 
994.245 781.67
##
#FRAME_17
0.874842 -0.379191 0.30144 218.833 
-0.300318 -0.912827 -0.276689 267.625 
0.38008 0.151532 -0.912457 10095.4 
994.211 781.638
##
#FRAME_18
0.930174 -0.364054 0.0473522 225.948 
-0.352849 -0.922159 -0.158492 277.246 
0.101366 0.130717 -0.986224 10448.5 
994.177 781.664
##
#FRAME_19
0.930174 -0.364054 0.0473522 225.948 
-0.352849 -0.922159 -0.158492 277.246 
0.101366 0.130717 -0.986224 10448.5 
994.185 781.68
##
#FRAME_20
0.924538 -0.368067 0.0987747 224.123 
-0.33763 -0.911314 -0.235611 274.766 
0.176735 0.184482 -0.966815 10364.8 
994.186 781.645
##
#FRAME_21
0.930055 -0.362438 0.0602967 225.359 
-0.345823 -0.918954 -0.189551 276.415 
0.12411 0.155441 -0.980018 10422.8 
994.193 781.658
##
#FRAME_22
0.870082 -0.385857 0.306713 216.824 
-0.297114 -0.907061 -0.298266 265.367 
0.393295 0.168387 -0.903861 10018 
994.136 781.61
##
#FRAME_23
0.8789 -0.384182 0.282734 218.26 
-0.299971 -0.906007 -0.298611 267.266 
0.37088 0.177637 -0.911533 10088.5 
994.13 781.627
##
#FRAME_24
0.932907 -0.360063 0.00624697 226.965 
-0.35874 -0.930715 -0.0712387 278.559 
0.0314646 0.0642181 -0.99744 10500.5 
994.187 781.646
##
#FRAME_25
0.931768 -0.362969 0.00788514 227.085 
-0.361516 -0.929599 -0.0717792 278.758 
0.0333836 0.064031 -0.997389 10509.4 
994.183 781.656
##
#FRAME_26
0.932295 -0.361564 -0.00991173 227.383 
-0.361684 -0.931647 -0.0348989 278.921 
0.00338394 0.036121 -0.999342 10512.6 
994.23 781.649
##
#FRAME_27
0.932053 -0.361606 0.0227804 226.849 
-0.357233 -0.927642 -0.108927 278.859 
0.0605206 0.0933876 -0.993789 10503.3 
994.136 781.7
##
#FRAME_28
0.920986 -0.367799 0.128489 223.323 
-0.327059 -0.909102 -0.258003 274.083 
0.211703 0.195594 -0.957562 10334.9 
994.132 781.683
##
#FRAME_29
0.906296 -0.377059 0.190931 220.854 
-0.315314 -0.904033 -0.288619 271.052 
0.281434 0.201371 -0.938214 10223 
994.091 781.669
##
#FRAME_30
0.894057 -0.379424 0.238117 219.531 
-0.303706 -0.904167 -0.300408 269.189 
0.32928 0.196264 -0.92361 10154.8 
994.112 781.656
##
#FRAME_31
0.875602 -0.385471 0.291091 218.284 
-0.303133 -0.907695 -0.290171 267.702 
0.376075 0.165835 -0.911629 10095.4 
994.104 781.675
##
#FRAME_32
0.906615 -0.375228 0.193009 220.828 
-0.312318 -0.904305 -0.291016 271.021 
0.283736 0.203559 -0.937047 10216.4 
994.124 781.697
##
#FRAME_33
0.871337 -0.377749 0.313172 217.905 
-0.295464 -0.913472 -0.279767 267.297 
0.391756 0.151241 -0.907554 10078.9 
994.106 781.671
##
#FRAME_34
0.858306 -0.380651 0.344117 216.416 
-0.29834 -0.915799 -0.268898 265.42 
0.417498 0.128133 -0.899599 10002.4 
994.129 781.706
##
#FRAME_35
0.89862 -0.381666 0.216362 220.063 
-0.31064 -0.901764 -0.30054 269.568 
0.309813 0.20286 -0.928904 10170 
994.167 781.657
##
#FRAME_36
0.93361 -0.358262 -0.00458857 227.77 
-0.358105 -0.932633 -0.0442276 279.085 
0.0115656 0.0429345 -0.999011 10514.1 
994.304 781.677
##
#FRAME_37
0.872924 -0.383556 0.301476 218.436 
-0.29657 -0.907873 -0.296332 266.216 
0.387362 0.169267 -0.906256 10052.8 
994.329 781.603
##
#FRAME_38
0.871784 -0.386697 0.300761 218.252 
-0.298034 -0.905901 -0.300864 265.823 
0.388803 0.172651 -0.905 10039.6 
994.349 781.593
##
#FRAME_39
0.867333 -0.385607 0.314709 219.334 
-0.298727 -0.909037 -0.290539 265.391 
0.398116 0.157982 -0.903629 10037.7 
994.604 781.494
##
#FRAME_40
0.909182 -0.379694 0.17094 224.622 
-0.326157 -0.904577 -0.274523 271.308 
0.258863 0.193839 -0.946265 10267.7 
994.684 781.422
##
#FRAME_41
0.872093 -0.334719 0.356956 223 
-0.356066 -0.93444 -0.0063092 268.504 
0.335666 -0.121598 -0.9341 10155.1 
994.811 781.354
##
#FRAME_42
0.876503 -0.380724 0.294604 222.249 
-0.299688 -0.910474 -0.285 266.276 
0.376736 0.161514 -0.912131 10093.8 
994.91 781.328
##
#FRAME_43
0.923007 -0.36568 0.119731 228.829 
-0.330543 -0.912825 -0.239776 273.36 
0.196975 0.181739 -0.963417 10371.3 
995.097 781.232
##
#FRAME_44
0.886609 -0.377671 0.266998 224.471 
-0.29737 -0.907605 -0.296351 266.406 
0.354252 0.18335 -0.917 10118.3 
995.32 781.221
##
#FRAME_45
0.866468 -0.376944 0.327331 223.143 
-0.294297 -0.915294 -0.275 263.331 
0.403264 0.141947 -0.904007 10008 
995.533 781.244
##
#FRAME_46
0.921012 -0.366219 0.132742 230.122 
-0.323486 -0.908914 -0.263122 271.035 
0.217011 0.199398 -0.955587 10307.9 
995.6 781.151
##
#FRAME_47
0.934763 -0.354966 0.0147645 235.583 
-0.352238 -0.931398 -0.0917963 276.456 
0.0463362 0.0806071 -0.995668 10519.9 
995.805 781.044
##
#FRAME_48
##
#FRAME_49
0.82028 -0.351464 0.451236 220.065 
-0.299754 -0.936068 -0.184187 254.505 
0.487123 0.0158248 -0.87319 9718.62 
996.233 780.879
##
#FRAME_50
0.83212 -0.362898 0.419382 222.986 
-0.283033 -0.928184 -0.241592 255.734 
0.476937 0.0823349 -0.875073 9788.62 
996.501 780.783
##
#FRAME_51
0.848125 -0.361284 0.387501 227.58 
-0.284671 -0.927627 -0.241806 259.539 
0.446818 0.0947715 -0.889591 9946.06 
996.751 780.598
##
#FRAME_52
0.828667 -0.359277 0.429221 224.519 
-0.281644 -0.930307 -0.234958 254.118 
0.483723 0.0738144 -0.872103 9756.7 
997.027 780.575
##
#FRAME_53
0.933332 -0.35179 0.0716664 240.945 
-0.33246 -0.922245 -0.197319 271.818 
0.135509 0.160338 -0.977716 10432.5 
997.326 780.581
##
#FRAME_54
0.938657 -0.344792 -0.00646771 244.547 
-0.344762 -0.937813 -0.0405693 273.994 
0.00792247 0.0403104 -0.999156 10528.9 
997.668 780.499
##
#FRAME_55
0.851712 -0.326804 0.409616 235.34 
-0.318441 -0.943594 -0.0906954 261.073 
0.416151 -0.0531921 -0.907739 10052.2 
997.904 780.306
##
#FRAME_56
0.902195 -0.366581 0.227294 239.765 
-0.296869 -0.910028 -0.28934 264.455 
0.312911 0.193565 -0.929849 10205.1 
998.149 780.298
##
#FRAME_57
0.841283 -0.344205 0.416853 235.466 
-0.291896 -0.93826 -0.185645 256.885 
0.455016 0.0345019 -0.889814 9933.22 
998.514 780.131
##
#FRAME_58
0.843475 -0.331922 0.422349 238.561 
-0.315736 -0.942438 -0.1101 258.291 
0.434582 -0.0404844 -0.899722 9994.63 
998.86 780.083
##
#FRAME_59
0.893533 -0.313993 0.320947 245.461 
-0.33715 -0.941284 0.0177549 264.027 
0.296528 -0.124072 -0.946931 10232.8 
999.174 779.897
##
#FRAME_60
0.870784 -0.358861 0.336086 242.662 
-0.282103 -0.924526 -0.25626 258.905 
0.402682 0.128337 -0.906298 10066.7 
999.448 779.853
##
#FRAME_61
0.845074 -0.34368 0.409553 241.582 
-0.283801 -0.937547 -0.201153 255.525 
0.453108 0.0537576 -0.889833 9940.75 
999.804 779.791
##
#FRAME_62
0.849971 -0.341654 0.401026 242.678 
-0.284363 -0.938322 -0.196698 254.873 
0.443494 0.0531504 -0.8947 9932.98 
1000.05 779.729
##
#FRAME_63
0.882208 -0.313203 0.351586 250.911 
-0.333348 -0.942798 -0.00342725 260.95 
0.332548 -0.114177 -0.936149 10185 
1000.47 779.481
##
#FRAME_64
0.864391 -0.311852 0.394431 250.432 
-0.316757 -0.946939 -0.0545164 258.343 
0.390503 -0.0778153 -0.917307 10104.1 
1000.85 779.431
##
#FRAME_65
0.864398 -0.314699 0.392148 252.754 
-0.31898 -0.946098 -0.0561287 258.194 
0.388674 -0.0765695 -0.918188 10119.3 
1001.28 779.365
##
#FRAME_66
0.885978 -0.347689 0.306848 255.454 
-0.274038 -0.926353 -0.258404 258.052 
0.374094 0.144853 -0.916009 10149.9 
1001.72 779.166
##
#FRAME_67
0.937143 -0.337222 0.089692 263.046 
-0.312999 -0.925986 -0.211144 263.756 
0.154256 0.169799 -0.973331 10392.5 
1002.11 779.085
##
#FRAME_68
0.852241 -0.323999 0.410742 256.093 
-0.299881 -0.945894 -0.123916 253.96 
0.428668 -0.0175671 -0.903291 10024.2 
1002.44 778.904
##
#FRAME_69
0.86377 -0.303635 0.402128 260.126 
-0.297755 -0.951386 -0.0787857 256.043 
0.406501 -0.0516827 -0.912188 10113.4 
1002.83 778.843
##
#FRAME_70
0.86614 -0.312035 0.390431 263.825 
-0.300621 -0.949316 -0.0917976 256.821 
0.399286 -0.037862 -0.916044 10179.9 
1003.25 778.666
##
#FRAME_71
0.846187 -0.31134 0.432475 259.662 
-0.284054 -0.950191 -0.128261 250.377 
0.450867 -0.014314 -0.892476 9936.16 
1003.7 778.637
##
#FRAME_72
0.878368 -0.341968 0.333957 264.853 
-0.257797 -0.927279 -0.271468 252.816 
0.402505 0.152356 -0.90265 10062.3 
1004.13 778.502
##
#FRAME_73
0.839997 -0.3178 0.439783 260.18 
-0.260885 -0.947241 -0.186208 245.635 
0.475757 0.0416818 -0.878589 9790.99 
1004.66 778.452
##
#FRAME_74
0.863874 -0.328045 0.382241 268.669 
-0.265059 -0.941345 -0.208837 250.653 
0.428329 0.0790922 -0.900155 10038.6 
1005.05 778.137
##
#FRAME_75
0.837224 -0.316483 0.445976 262.46 
-0.25722 -0.947577 -0.189564 242.501 
0.482591 0.0439933 -0.87474 9721.78 
1005.51 778.092
##
#FRAME_76
0.864777 -0.302817 0.400578 275.61 
-0.287781 -0.952582 -0.0988381 252.131 
0.411513 -0.0298055 -0.910916 10133.7 
1005.97 777.887
##
#FRAME_77
0.867185 -0.297955 0.399015 277.069 
-0.290227 -0.953502 -0.0812512 250.854 
0.404671 -0.045345 -0.913338 10099.9 
1006.49 777.77
##
#FRAME_78
0.925781 -0.289272 0.243418 286.942 
-0.309461 -0.949681 0.0483828 257.307 
0.217174 -0.12012 -0.968714 10379.4 
1007.01 777.606
##
#FRAME_79
0.879973 -0.320121 0.350955 283.212 
-0.248556 -0.939902 -0.234104 250.339 
0.404805 0.118773 -0.906657 10144.5 
1007.57 777.479
##
#FRAME_80
0.893863 -0.317506 0.316542 284.945 
-0.240088 -0.935249 -0.260128 249.25 
0.378638 0.156521 -0.912214 10125.8 
1008.05 777.383
##
#FRAME_81
0.869554 -0.298407 0.393483 287.774 
-0.264462 -0.954287 -0.139272 248.948 
0.417056 0.0170435 -0.908721 10134.8 
1008.58 777.164
##
#FRAME_82
0.865299 -0.322408 0.383811 284.726 
-0.244463 -0.939898 -0.238391 243.214 
0.437602 0.112452 -0.892109 9941.47 
1009.03 777.006
##
#FRAME_83
0.845009 -0.307575 0.437444 282.052 
-0.237552 -0.948792 -0.208236 238.313 
0.479092 0.072045 -0.874803 9755.08 
1009.63 776.918
##
#FRAME_84
0.89581 -0.320095 0.308323 295.901 
-0.243227 -0.93372 -0.262693 247.274 
0.371974 0.16033 -0.914292 10146.9 
1010.22 776.81
##
#FRAME_85
0.891446 -0.304217 0.335821 296.864 
-0.221928 -0.93927 -0.261764 245.077 
0.395059 0.158821 -0.904823 10089 
1010.78 776.636
##
#FRAME_86
0.86372 -0.303026 0.402695 295.265 
-0.233383 -0.948698 -0.21332 240.831 
0.446677 0.0902666 -0.89013 9942.48 
1011.29 776.413
##
#FRAME_87
0.902325 -0.30059 0.308957 304.897 
-0.224003 -0.93935 -0.259699 245.82 
0.368282 0.165126 -0.914933 10167.6 
1012.01 776.378
##
#FRAME_88
0.955239 -0.286266 0.0746393 316.983 
-0.268653 -0.945046 -0.186317 252.519 
0.123874 0.157925 -0.97965 10478.2 
1012.59 776.178
##
#FRAME_89
0.959965 -0.27974 0.0145872 322.54 
-0.277688 -0.957186 -0.081759 254.07 
0.0368339 0.0744351 -0.996545 10563.1 
1013.27 776.117
##
#FRAME_90
0.959875 -0.28007 -0.0141684 326.312 
-0.280379 -0.959426 -0.0298134 253.818 
-0.0052437 0.0325897 -0.999455 10588 
1013.88 775.855
##
#FRAME_91
0.96107 -0.274316 0.0331007 328.487 
-0.269184 -0.95658 -0.111781 252.319 
0.0623269 0.0985195 -0.993181 10549.1 
1014.51 775.785
##
#FRAME_92
0.943867 -0.280257 0.174847 325.212 
-0.232829 -0.939917 -0.249695 246.411 
0.23432 0.194969 -0.952408 10339 
1015.16 775.633
##
#FRAME_93
0.859191 -0.272061 0.433328 315.086 
-0.228019 -0.961763 -0.151723 235.502 
0.458037 0.0315523 -0.888373 9904.79 
1015.74 775.426
##
#FRAME_94
0.89235 -0.289972 0.345874 321.15 
-0.204148 -0.942759 -0.263684 236.524 
0.402537 0.164689 -0.900468 9998.56 
1016.48 775.237
##
#FRAME_95
0.873737 -0.251979 0.416042 325.851 
-0.233922 -0.967624 -0.0947837 237.326 
0.426456 -0.0145055 -0.904392 10040.1 
1017.23 775.112
##
#FRAME_96
0.909128 -0.277717 0.310419 334.357 
-0.208778 -0.948728 -0.237331 240.083 
0.360414 0.150955 -0.920497 10201.4 
1017.94 774.923
##
#FRAME_97
0.871061 -0.238071 0.429623 331.887 
-0.218595 -0.971183 -0.0949701 235.137 
0.439852 -0.0111885 -0.898 10012.7 
1018.64 774.734
##
#FRAME_98
0.890769 -0.275858 0.361156 336.734 
-0.195668 -0.950067 -0.243077 235.212 
0.410177 0.145858 -0.900267 10053.9 
1019.45 774.624
##
#FRAME_99
0.893081 -0.275477 0.355694 338.97 
-0.195104 -0.94955 -0.245537 233.543 
0.40539 0.149888 -0.901772 10015 
1020.24 774.47
##
#FRAME_100
0.899193 -0.264033 0.348911 344.981 
-0.187089 -0.952851 -0.238899 234.091 
0.395537 0.149539 -0.906194 10082.9 
1021 774.268
##
#FRAME_101
0.892925 -0.23199 0.38583 351.521 
-0.242578 -0.969888 -0.0217708 236.32 
0.379263 -0.0741544 -0.922313 10178.2 
1021.61 774.136
##
#FRAME_102
0.885031 -0.224502 0.407822 353.72 
-0.226088 -0.973066 -0.0450208 233.923 
0.406945 -0.052359 -0.911951 10118 
1022.58 773.912
##
#FRAME_103
0.95463 -0.245729 0.168225 366.813 
-0.201084 -0.948571 -0.244498 239.672 
0.219653 0.199577 -0.954946 10392.5 
1023.41 773.871
##
#FRAME_104
0.968341 -0.236113 0.0810278 375.753 
-0.219062 -0.959394 -0.177695 241.68 
0.119694 0.15432 -0.980744 10519.4 
1024.27 773.661
##
#FRAME_105
0.909659 -0.244722 0.335608 368.484 
-0.174283 -0.958315 -0.226402 233.544 
0.377024 0.147458 -0.91439 10196.3 
1025.13 773.49
##
#FRAME_106
0.974176 -0.224322 -0.0257015 387.462 
-0.224848 -0.974193 -0.0197813 242.363 
-0.0206009 0.0250494 -0.999474 10609.2 
1026.04 773.23
##
#FRAME_107
0.975368 -0.220183 -0.0133194 391.256 
-0.220473 -0.975023 -0.0268773 241.319 
-0.00706882 0.0291518 -0.99955 10596.6 
1026.9 773.166
##
#FRAME_108
##
#FRAME_109
0.927149 -0.233793 0.292805 385.374 
-0.160967 -0.954195 -0.252193 230.54 
0.338354 0.186689 -0.922314 10192 
1028.65 772.871
##
#FRAME_110
0.887879 -0.224862 0.401383 383.856 
-0.162509 -0.969468 -0.183636 226.14 
0.430421 0.0978183 -0.897312 10029.6 
1029.57 772.646
##
#FRAME_111
0.92351 -0.220469 0.313883 393.947 
-0.148919 -0.960203 -0.236291 229.12 
0.353486 0.171474 -0.919589 10183.5 
1030.56 772.6
##
#FRAME_112
0.895927 -0.208738 0.392102 398.633 
-0.16873 -0.976471 -0.134293 228.616 
0.410908 0.0541576 -0.910067 10183.3 
1031.52 772.404
##
#FRAME_113
0.88453 -0.193466 0.424473 396.088 
-0.164981 -0.980875 -0.103271 223.803 
0.436334 0.0213165 -0.899532 10004.4 
1032.41 772.204
##
#FRAME_114
0.886601 -0.176051 0.427721 402.619 
-0.17058 -0.984001 -0.0514307 224.15 
0.429932 -0.0273621 -0.902447 10051.9 
1033.38 772.041
##
#FRAME_115
0.909616 -0.220467 0.352126 410.748 
-0.147572 -0.963767 -0.222207 225.328 
0.388357 0.150159 -0.909193 10133.3 
1034.51 771.992
##
#FRAME_116
0.922735 -0.210357 0.32297 418.18 
-0.136098 -0.961783 -0.237594 225.958 
0.360607 0.17528 -0.9161 10194.1 
1035.62 771.779
##
#FRAME_117
0.914655 -0.214103 0.342878 423.777 
-0.144659 -0.965407 -0.216939 226.069 
0.377464 0.148824 -0.913987 10219 
1036.5 771.768
##
#FRAME_118
0.871445 -0.188642 0.452767 411.941 
-0.128881 -0.978714 -0.159717 216.199 
0.473258 0.0808313 -0.877207 9814.05 
1037.52 771.491
##
#FRAME_119
0.902511 -0.152162 0.402891 431.907 
-0.15915 -0.98712 -0.0163008 223.607 
0.400182 -0.0494085 -0.915103 10166 
1038.63 771.299
##
#FRAME_120
0.985976 -0.166402 -0.0126933 456.945 
-0.166569 -0.985937 -0.0135196 233.907 
-0.0102652 0.0154443 -0.999828 10646.2 
1039.7 771.255
##
#FRAME_121
##
#FRAME_122
0.922162 -0.174478 0.345216 448.383 
-0.104692 -0.971758 -0.211484 222.745 
0.372366 0.158881 -0.914385 10191.9 
1041.91 771.091
##
#FRAME_123
0.930187 -0.177964 0.321063 454.853 
-0.109683 -0.969412 -0.219566 222.942 
0.350317 0.169022 -0.921254 10217.4 
1043.08 771.022
##
#FRAME_124
0.913022 -0.140053 0.383113 460.339 
-0.143534 -0.98945 -0.0196434 222.31 
0.381822 -0.0370549 -0.923493 10219.6 
1044.17 770.797
##
#FRAME_125
0.905412 -0.148197 0.397828 462.138 
-0.10031 -0.985238 -0.138723 220.235 
0.412514 0.0856952 -0.906912 10139.3 
1045.3 770.718
##
#FRAME_126
0.887421 -0.14173 0.43863 458.543 
-0.102487 -0.988406 -0.112026 215.709 
0.449422 0.0544608 -0.891658 9939.43 
1046.44 770.706
##
#FRAME_127
0.968145 -0.116013 0.221892 487.37 
-0.14098 -0.984934 0.100153 226.55 
0.20693 -0.128245 -0.969914 10444.1 
1047.63 770.597
##
#FRAME_128
0.90497 -0.132053 0.404464 479.387 
-0.102243 -0.990256 -0.0945446 219.268 
0.413008 0.0442065 -0.909654 10157 
1048.74 770.447
##
#FRAME_129
0.98923 -0.124661 0.0767025 505.751 
-0.11314 -0.983719 -0.139627 228.538 
0.0928598 0.129445 -0.987229 10593.1 
1049.96 770.469
##
#FRAME_130
0.992371 -0.118309 0.0346909 514.333 
-0.114632 -0.988984 -0.093646 229.334 
0.045388 0.0889548 -0.995001 10652 
1051.14 770.381
##
#FRAME_131
0.993723 -0.110495 0.0174942 519.455 
-0.108957 -0.99139 -0.0726227 228.577 
0.025368 0.0702607 -0.997206 10631 
1052.35 770.321
##
#FRAME_132
0.936896 -0.123168 0.327194 506.874 
-0.0568596 -0.977108 -0.205006 219.722 
0.344954 0.173465 -0.922451 10236.5 
1053.67 770.191
##
#FRAME_133
0.890323 -0.103215 0.443476 497.331 
-0.0737333 -0.993795 -0.0832705 212.872 
0.449319 0.0414387 -0.89241 9925.9 
1054.91 770.104
##
#FRAME_134
0.92182 -0.114374 0.370359 514.792 
-0.0531806 -0.983759 -0.171436 217.424 
0.383952 0.138338 -0.912931 10159.6 
1056.17 770.034
##
#FRAME_135
0.995998 -0.0857818 0.0250935 546.187 
-0.0833765 -0.992898 -0.0848693 228.282 
0.0321955 0.0824375 -0.996076 10661.3 
1057.46 770.035
##
#FRAME_136
0.996695 -0.0812054 0.00209629 552.943 
-0.0810329 -0.995723 -0.0443771 228.395 
0.00569099 0.0440606 -0.999013 10675.3 
1058.7 769.937
##
#FRAME_137
0.99612 -0.0780034 0.0407457 557.779 
-0.0730902 -0.99117 -0.110636 227.315 
0.0490158 0.107228 -0.993025 10638.2 
1060.01 769.938
##
#FRAME_138
0.997283 -0.0711153 0.0192095 567.404 
-0.0696324 -0.995172 -0.0691685 228.449 
0.0240357 0.067643 -0.99742 10690.3 
1061.42 769.886
##
#FRAME_139
0.902604 -0.0730629 0.424226 539.841 
-0.0427127 -0.995828 -0.0806304 214.317 
0.428347 0.0546575 -0.90196 10048.6 
1062.67 769.828
##
#FRAME_140
0.935527 -0.0744294 0.345326 556.006 
-0.0169654 -0.98589 -0.166531 218.145 
0.352849 0.149936 -0.923589 10226.6 
1064.09 769.883
##
#FRAME_141
0.923641 -0.0830688 0.374148 555.859 
-0.0156416 -0.983586 -0.179763 216.024 
0.382939 0.160184 -0.909779 10115.7 
1065.31 769.886
##
#FRAME_142
0.911839 -0.0658119 0.405239 562.806 
-0.0227977 -0.993662 -0.110076 215.997 
0.409914 0.0911328 -0.90756 10121.8 
1066.66 769.844
##
#FRAME_143
0.999017 -0.0439664 -0.00559497 601.196 
-0.044063 -0.998857 -0.0185086 228.758 
-0.00477482 0.0187369 -0.999813 10699 
1068.11 769.965
##
#FRAME_144
0.878059 -0.0597578 -0.474806 577.341 
-0.00515773 -0.993297 0.115475 217.292 
-0.478524 -0.0989453 -0.872482 10166.4 
1069.51 769.789
##
#FRAME_145
0.87456 -0.0178301 -0.48459 587.061 
-0.0578471 -0.996024 -0.0677511 218.178 
-0.481455 0.0872845 -0.872114 10214.1 
1071.01 769.864
##
#FRAME_146
0.999653 -0.0253514 -0.00722326 626.14 
-0.0255222 -0.999371 -0.0246261 230.228 
-0.00659441 0.0248019 -0.999671 10762.7 
1072.29 769.883
##
#FRAME_147
0.927188 -0.0166079 0.374228 606.376 
-0.0171363 -0.999851 -0.00191572 220.862 
0.374204 -0.00463665 -0.927335 10310.7 
1073.57 769.906
##
#FRAME_148
0.999958 -0.0076527 0.00504535 641.442 
-0.00743954 -0.999132 -0.0409945 231.982 
0.00535468 0.0409552 -0.999147 10799.4 
1074.81 770.075
##
#FRAME_149
0.883188 -0.00272365 -0.469011 619.669 
-0.0252562 -0.998808 -0.0417594 222.019 
-0.468338 0.0487268 -0.882205 10317.6 
1076.5 770.175
##
#FRAME_150
0.974783 0.0203793 -0.222222 646.453 
-0.0125312 -0.989251 -0.14569 229.556 
-0.222803 0.1448 -0.96405 10634.9 
1078.04 770.431
##
#FRAME_151
0.852036 -0.0135177 -0.523308 617.236 
0.012243 -0.998879 0.0457359 217.599 
-0.523339 -0.0453755 -0.850915 10071.2 
1079.2 770.284
##
#FRAME_152
0.999827 0.0177618 0.00553245 668.223 
0.0180182 -0.998568 -0.0503806 233.58 
0.00462967 0.0504715 -0.998715 10770 
1080.62 770.722
##
#FRAME_153
0.938901 0.019929 0.343609 654.907 
0.0192833 -0.9998 0.00529637 226.447 
0.343646 0.00165314 -0.939098 10431 
1082.02 770.475
##
#FRAME_154
0.997227 0.0226617 0.0708867 678.483 
0.0306199 -0.993091 -0.113277 233.225 
0.0678299 0.115134 -0.991031 10717.3 
1083.22 770.693
##
#FRAME_155
0.999385 0.0348507 -0.00397575 687.103 
0.0347605 -0.999178 -0.0208609 234.233 
-0.0046995 0.0207099 -0.999774 10724.8 
1084.93 770.904
##
#FRAME_156
0.999133 0.0353893 0.0219439 693.758 
0.0368935 -0.996691 -0.0724224 234.701 
0.0193083 0.0731692 -0.997133 10724.8 
1086.2 770.93
##
#FRAME_157
0.938443 0.0572058 0.340664 673.176 
0.0283501 -0.99562 0.0890913 226.461 
0.344269 -0.0739492 -0.935954 10289.6 
1087.76 771.121
##
#FRAME_158
0.907225 0.0498566 0.417682 669.912 
0.0495601 -0.998704 0.0115633 223.183 
0.417717 0.0102098 -0.90852 10137.9 
1089.06 771.176
##
#FRAME_159
0.997002 0.0573467 0.0519382 714.481 
0.0627282 -0.992091 -0.108725 237.261 
0.0452924 0.111657 -0.992714 10720.8 
1090.32 771.472
##
#FRAME_160
0.993082 0.0591518 0.101439 719.739 
0.0737111 -0.986478 -0.146385 236.702 
0.0914085 0.15285 -0.984013 10684.3 
1091.88 771.551
##
#FRAME_161
0.993196 0.0703504 0.0928076 726.196 
0.0817466 -0.988741 -0.125335 237.721 
0.0829454 0.132068 -0.987764 10678.5 
1093.27 771.743
##
#FRAME_162
0.976142 0.0654933 0.207022 721.287 
0.10711 -0.974592 -0.196719 234.489 
0.188878 0.2142 -0.958355 10497.1 
1094.76 771.821
##
#FRAME_163
0.921891 0.0612044 0.382585 710.144 
0.104097 -0.990264 -0.0924164 230.166 
0.373204 0.125024 -0.919287 10232.3 
1096.19 772.175
##
#FRAME_164
0.996034 0.0889533 0.00199782 753.685 
0.0889443 -0.996028 0.00421693 243.052 
0.002365 -0.00402251 -0.999989 10760.1 
1097.71 772.424
##
#FRAME_165
0.943262 0.0523685 -0.327893 741.89 
0.117411 -0.976294 0.181835 238.421 
-0.310598 -0.210017 -0.92705 10497.3 
1099.07 772.61
##
#FRAME_166
0.93267 0.0922403 0.348737 749.84 
0.116313 -0.992019 -0.0486838 238.648 
0.341463 0.0859686 -0.935955 10500.4 
1100.51 772.671
##
#FRAME_167
0.98865 0.111983 0.100153 770.008 
0.102201 -0.989926 0.0979866 244.727 
0.110117 -0.0866388 -0.990135 10675.5 
1102.13 773.173
##
#FRAME_168
0.991977 0.113549 0.0555633 782.577 
0.110018 -0.991934 0.0629462 247.54 
0.0622627 -0.0563283 -0.996469 10750.9 
1103.52 773.296
##
#FRAME_169
0.991538 0.120509 0.0482642 790.88 
0.124545 -0.987952 -0.0918707 249.12 
0.0366114 0.0971043 -0.994601 10752.2 
1105.13 773.741
##
#FRAME_170
0.990794 0.133088 0.0247831 802.278 
0.134413 -0.98892 -0.0630187 251.84 
0.0161215 0.0657698 -0.997705 10796.1 
1106.75 774.071
##
#FRAME_171
0.98331 0.132789 0.124373 801.155 
0.149624 -0.979127 -0.137564 250.774 
0.10351 0.153877 -0.982653 10680.4 
1108.22 774.416
##
#FRAME_172
0.989448 0.144434 0.0114929 819.816 
0.144806 -0.98846 -0.0444697 255.604 
0.00493734 0.0456647 -0.998945 10818.9 
1109.91 774.715
##
#FRAME_173
0.988105 0.153777 -0.000351356 825.886 
0.153774 -0.988098 -0.00405301 256.768 
-0.000970435 0.00395077 -0.999992 10786.9 
1111.56 775.027
##
#FRAME_174
0.987706 0.156319 -0.000771266 838.904 
0.156313 -0.987696 -0.00473318 260.065 
-0.00150166 0.00455443 -0.999989 10837.8 
1113.37 775.45
##
#FRAME_175
0.86868 0.141495 -0.474735 821.796 
0.161325 -0.986901 0.00105002 254.325 
-0.468368 -0.0774987 -0.880128 10517.8 
1115.06 775.836
##
#FRAME_176
0.983787 0.175123 0.0386595 854.231 
0.177478 -0.981664 -0.0695489 263.137 
0.025771 0.0752826 -0.996829 10807.7 
1116.86 776.239
##
#FRAME_177
0.98223 0.185063 0.0312291 862.005 
0.186684 -0.980516 -0.0611298 265.35 
0.0193078 0.0658735 -0.997641 10787.2 
1118.71 776.805
##
#FRAME_178
0.980293 0.191327 0.0492002 867.972 
0.187252 -0.979272 0.0772201 267.082 
0.0629547 -0.0664855 -0.995799 10752.7 
1120.48 777.253
##
#FRAME_179
0.978669 0.197212 0.0575786 877.185 
0.19216 -0.977844 0.083038 269.305 
0.0726789 -0.0702023 -0.994882 10744.6 
1122.47 777.842
##
#FRAME_180
0.927581 0.190112 0.321639 860.958 
0.235405 -0.96588 -0.107984 263.619 
0.290135 0.175879 -0.940685 10425.2 
1124.3 778.286
##
#FRAME_181
0.975768 0.218575 0.0100906 903.071 
0.2188 -0.975093 -0.0363356 276.523 
0.00189721 0.0376629 -0.999289 10818.7 
1126.31 778.844
##
#FRAME_182
0.974184 0.225752 0.00121916 915.453 
0.225745 -0.974073 -0.0148515 280.174 
-0.0021652 0.0147433 -0.999889 10847.1 
1128.28 779.412
##
#FRAME_183
0.971646 0.236383 0.00525921 922.838 
0.236231 -0.971479 0.0205694 282.439 
0.00997147 -0.0187438 -0.999775 10819.3 
1130.22 780.023
##
#FRAME_184
0.964976 0.244319 0.0955507 923.559 
0.231612 -0.964476 0.127051 282.936 
0.123197 -0.10047 -0.987283 10715.3 
1132.08 780.643
##
#FRAME_185
0.958544 0.251308 0.134305 934.077 
0.267239 -0.956417 -0.117685 286.284 
0.0988768 0.148698 -0.983927 10716.2 
1134.17 781.424
##
#FRAME_186
0.963759 0.262388 0.048171 951.257 
0.265212 -0.961876 -0.0667638 291.574 
0.0288165 0.0771198 -0.996605 10811.6 
1135.94 781.979
##
#FRAME_187
0.96254 0.270908 0.0112116 961.973 
0.270353 -0.962074 0.0363842 295.726 
0.0206432 -0.0319902 -0.999275 10815.8 
1137.99 782.711
##
#FRAME_188
0.95933 0.281311 0.0234551 974.185 
0.282122 -0.958292 -0.0456362 300.042 
0.00963887 0.0503974 -0.998683 10845.1 
1139.91 783.492
##
#FRAME_189
0.957068 0.289283 0.0183199 983.628 
0.289801 -0.956252 -0.039977 303.554 
0.00595376 0.0435698 -0.999033 10839.4 
1141.82 784.242
##
#FRAME_190
0.942859 0.292277 0.159974 980.487 
0.311311 -0.943884 -0.110311 302.838 
0.118756 0.153809 -0.980938 10696.5 
1143.75 784.895
##
#FRAME_191
0.950213 0.305197 0.0628536 1000.6 
0.30955 -0.947663 -0.0781933 310.313 
0.0356996 0.0937566 -0.994955 10818.6 
1145.55 785.698
##
#FRAME_192
0.950788 0.309801 0.00505575 1013.29 
0.309839 -0.950579 -0.0199919 314.472 
-0.00138764 0.0205746 -0.999787 10865.8 
1147.23 786.26
##
#FRAME_193
##
#FRAME_194
##
#FRAME_195
##
#FRAME_196
##
#FRAME_197
##
#FRAME_198
0.928802 0.319822 0.187192 1019.02 
0.343542 -0.932512 -0.111357 318.688 
0.138944 0.167737 -0.975991 10681.7 
1151.7 788.251
##
#FRAME_199
0.942577 0.332084 0.0356324 1032.95 
0.333605 -0.941237 -0.052731 323.178 
0.0160274 0.0615901 -0.997973 10857.2 
1151.22 788.093
##
#FRAME_200
0.942578 0.333742 0.0128093 1032.73 
0.333984 -0.942051 -0.0315543 322.674 
0.00153599 0.0340205 -0.99942 10877.2 
1150.79 787.867
##
#FRAME_201
0.944965 0.326681 0.0179227 1030.93 
0.32545 -0.944192 0.0508233 322.402 
0.0335254 -0.0421933 -0.998547 10864.8 
1150.71 787.81
##
#FRAME_202
##
#FRAME_203
##
#FRAME_204
##
#FRAME_205
##
#FRAME_206
##
#FRAME_207
##
#FRAME_208
##
#FRAME_209
0.943737 0.327533 0.0456453 1027.78 
0.321988 -0.941555 0.0989835 321.741 
0.0753979 -0.0787171 -0.994042 10808.3 
1151.11 787.972
##
#FRAME_210
0.902623 0.331676 0.274341 1007.34 
0.30907 -0.943023 0.123222 315.284 
0.29958 -0.026432 -0.953705 10590.5 
1151.12 787.984
##
#FRAME_211
0.945256 0.326328 0.000986811 1034.74 
0.326257 -0.945104 0.0182818 323.674 
0.00689849 -0.016959 -0.999832 10866.8 
1151.41 788.062
##
#FRAME_212
0.944285 0.329096 0.00458982 1036.4 
0.328809 -0.943894 0.0307935 324.116 
0.0144663 -0.0275687 -0.999515 10868 
1151.72 788.106
##
#FRAME_213
##
#FRAME_214
##
#FRAME_215
##
#FRAME_216
##
#FRAME_217
##
#FRAME_218
##
#FRAME_219
0.933336 0.357904 0.0280919 1063.97 
0.358873 -0.932253 -0.0459926 336.522 
0.00972777 0.0530079 -0.998547 10875 
1156.93 790.662
##
#FRAME_220
0.93067 0.365857 0.000877467 1072.11 
0.365858 -0.930663 -0.00370876 340.066 
-0.000540251 0.00377266 -0.999993 10889.5 
1158.29 791.268
##
#FRAME_221
0.92383 0.368879 0.102306 1062.17 
0.352175 -0.923748 0.150537 338.056 
0.150035 -0.103041 -0.983297 10716.6 
1159.69 791.929
##
#FRAME_222
##
#FRAME_223
##
#FRAME_224
##
#FRAME_225
##
#FRAME_226
0.914579 0.403625 0.0251231 1114.93 
0.400652 -0.912784 0.0793982 362.391 
0.0549791 -0.0625503 -0.996526 10836.6 
1167.81 796.07
##
#FRAME_227
0.913403 0.407046 0.0031066 1126.32 
0.406497 -0.912518 0.0455075 367.753 
0.0213585 -0.0403038 -0.998959 10864.9 
1169.42 796.988
##
#FRAME_228
##
#FRAME_229
0.908347 0.417851 0.0174951 1130.11 
0.418204 -0.907848 -0.0302917 369.379 
0.0032255 0.0348319 -0.999388 10861.4 
1170.16 797.4
##
#FRAME_230
0.908966 0.416356 0.02067 1127.32 
0.416825 -0.908473 -0.0305628 367.434 
0.00605308 0.0363963 -0.999319 10866.2 
1169.57 796.918
##
#FRAME_231
0.907698 0.413684 0.0703588 1123.38 
0.418046 -0.906011 -0.0661901 366.75 
0.0363641 0.0894938 -0.995323 10856.7 
1169 796.85
##
#FRAME_232
##
#FRAME_233
0.909016 0.41676 -0.00028341 1128.95 
0.416734 -0.908951 0.011887 369.766 
0.00469641 -0.0109236 -0.999929 10882.2 
1169.63 797.287
##
#FRAME_234
0.907551 0.419721 0.0135877 1130.33 
0.419937 -0.907202 -0.0252544 369.476 
0.00172701 0.0286257 -0.999589 10862.7 
1170.25 797.339
##
#FRAME_235
##
#FRAME_236
##
#FRAME_237
##
#FRAME_238
##
#FRAME_239
##
#FRAME_240
##
#FRAME_241
0.907658 0.402755 0.118094 1109 
0.413572 -0.906198 -0.0881144 359.9 
0.0715283 0.128818 -0.989085 10767.2 
1167.99 796.081
##
#FRAME_242
0.898065 0.412727 0.152101 1102.4 
0.386502 -0.90552 0.175071 358.007 
0.209987 -0.0984377 -0.972736 10662.9 
1168.85 796.302
##
#FRAME_243
##
#FRAME_244
##
#FRAME_245
##
#FRAME_246
##
#FRAME_247
0.909806 0.411254 0.0558894 1119.07 
0.402651 -0.90727 0.12138 366.015 
0.100625 -0.087928 -0.991031 10779.9 
1169.81 797.217
##
#FRAME_248
0.899747 0.410135 0.149143 1113.26 
0.425618 -0.900196 -0.0921723 363.013 
0.0964545 0.14641 -0.98451 10712.1 
1169.95 797.114
##
#FRAME_249
0.861478 0.394352 0.31991 1080.63 
0.429946 -0.901666 -0.0463073 352.484 
0.270191 0.177437 -0.946316 10397.2 
1169.93 797.098
##
#FRAME_250
0.910968 0.412203 0.0150007 1123.31 
0.410543 -0.909616 0.0636657 366.748 
0.0398881 -0.051839 -0.997859 10831.4 
1169.52 797.023
##
#FRAME_251
0.909292 0.414512 0.0369781 1124.46 
0.41597 -0.907958 -0.0508033 367.213 
0.012516 0.0615768 -0.998024 10871.7 
1168.95 796.835
##
#FRAME_252
0.911765 0.408404 0.0434774 1113.77 
0.40245 -0.90953 0.103875 362.878 
0.0819668 -0.0772118 -0.99364 10796.7 
1168.38 796.448
##
#FRAME_253
0.889064 0.41437 0.194583 1085.08 
0.378382 -0.904416 0.197125 353.398 
0.257667 -0.10163 -0.960874 10532.7 
1168.02 796.297
##
#FRAME_254
0.899629 0.39802 0.179576 1099.31 
0.418691 -0.903041 -0.095997 356.958 
0.123955 0.161548 -0.979049 10670.3 
1168.07 796.144
##
#FRAME_255
0.872953 0.401939 0.276403 1075.53 
0.376039 -0.915417 0.14355 349.327 
0.310722 -0.0213738 -0.95026 10445 
1167.92 796.035
##
#FRAME_256
0.910414 0.4057 0.0809633 1113.48 
0.411349 -0.908567 -0.0727838 361.362 
0.0440323 0.0995676 -0.994056 10822.1 
1167.78 795.971
##
#FRAME_257
0.915318 0.402547 0.0121919 1118.84 
0.402732 -0.914907 -0.0274442 363.427 
0.000106875 0.0300303 -0.999549 10882.8 
1167.62 796.025
##
#FRAME_258
0.799565 0.434187 -0.414943 1075.84 
0.347923 -0.898027 -0.269253 349.448 
-0.489536 0.0709167 -0.869095 10471.7 
1167.6 796.044
##
#FRAME_259
0.752585 0.388966 -0.531339 1055.71 
0.362599 -0.918336 -0.158683 343.124 
-0.54967 -0.0732404 -0.832165 10274.9 
1167.65 796.029
##
#FRAME_260
##
#FRAME_261
##
#FRAME_262
##
#FRAME_263
##
#FRAME_264
##
#FRAME_265
##
#FRAME_266
##
#FRAME_267
##
#FRAME_268
##
#FRAME_269
0.890561 0.399767 0.216997 1100.36 
0.423945 -0.902369 -0.0774706 357.581 
0.164841 0.160987 -0.973093 10657.1 
1168.47 796.383
##
#FRAME_270
0.912448 0.408999 0.0126287 1122.96 
0.409186 -0.912183 -0.022097 365.344 
0.00248204 0.0253298 -0.999676 10878.6 
1168.47 796.423
##
#FRAME_271
##
#FRAME_272
##
#FRAME_273
##
#FRAME_274
0.911159 0.412051 -0.00164395 1127.75 
0.412035 -0.911069 0.0134555 367.679 
0.00404662 -0.0129375 -0.999908 10877.4 
1169.43 796.929
##
#FRAME_275
0.804309 0.429746 -0.410372 1101.51 
0.360668 -0.901921 -0.237609 359.058 
-0.472235 0.0431026 -0.880418 10624.1 
1169.49 796.929
##
#FRAME_276
0.909276 0.411297 0.0636531 1115.56 
0.400096 -0.905948 0.138498 364.068 
0.11463 -0.100466 -0.988315 10751.6 
1169.63 797.015
##
#FRAME_277
0.888385 0.416626 0.192858 1093.91 
0.382377 -0.903962 0.191416 357.014 
0.254085 -0.0963072 -0.962375 10542.2 
1169.62 796.992
##
#FRAME_278
0.88027 0.432743 -0.194573 1116.01 
0.387757 -0.892448 -0.230608 363.991 
-0.27344 0.12755 -0.953395 10760.4 
1169.62 796.991
##
#FRAME_279
0.793907 0.429563 -0.430334 1082.82 
0.349111 -0.901489 -0.255812 353.219 
-0.497828 0.0528568 -0.865663 10443 
1169.62 796.978
##
#FRAME_280
0.910382 0.411192 0.0460977 1117.25 
0.404142 -0.907559 0.114048 364.627 
0.0887319 -0.0851971 -0.992405 10766.5 
1169.67 797.01
##
#FRAME_281
0.908549 0.412496 0.0662249 1114.29 
0.401225 -0.905698 0.136858 363.756 
0.116433 -0.097771 -0.988375 10737 
1169.7 797.034
##
#FRAME_282
0.910162 0.414252 -0.000730285 1125.76 
0.41414 -0.909872 0.0249284 367.233 
0.00966217 -0.0229913 -0.999689 10849.4 
1169.64 796.98
##
#FRAME_283
0.902451 0.413274 0.1216 1105.86 
0.390909 -0.904218 0.171986 361.11 
0.181031 -0.107674 -0.977565 10660.1 
1169.59 796.993
##
#FRAME_284
0.888444 0.413646 0.198905 1095.29 
0.380785 -0.906222 0.183752 357.627 
0.25626 -0.0875136 -0.962638 10557.7 
1169.59 797.031
##
#FRAME_285
0.85652 0.442799 -0.265146 1107.17 
0.373981 -0.886525 -0.272417 361.193 
-0.355685 0.134171 -0.924925 10677.1 
1169.59 797.046
##
#FRAME_286
0.908975 0.416847 0.00173173 1128.74 
0.41685 -0.908955 -0.00616111 368.529 
-0.00099418 0.00632217 -0.99998 10879.4 
1169.62 797.005
##
#FRAME_287
0.808227 0.432612 -0.399519 1091.98 
0.351457 -0.898741 -0.262188 356.506 
-0.472489 0.0714938 -0.878432 10526.9 
1169.67 797.072
##
#FRAME_288
0.894193 0.414858 0.16826 1099.3 
0.384708 -0.904286 0.185113 359.212 
0.228951 -0.100795 -0.968206 10593.3 
1169.63 797.069
##
#FRAME_289
##
#FRAME_290
##
#FRAME_291
##
#FRAME_292
##
#FRAME_293
0.746745 0.407326 -0.525792 1053.96 
0.35236 -0.912759 -0.206673 343.956 
-0.564105 -0.0309355 -0.825123 10170 
1169.56 796.999
##
#FRAME_294
0.765797 0.357997 -0.534222 1067.27 
0.391525 -0.918563 -0.0543123 348.433 
-0.51016 -0.167569 -0.843598 10298.2 
1169.55 796.977
##
#FRAME_295
0.766743 0.38922 -0.510503 1079.93 
0.374435 -0.9171 -0.136841 352.449 
-0.521443 -0.0862281 -0.848918 10420.1 
1169.53 796.946
##
#FRAME_296
0.761082 0.360251 -0.53942 1067.93 
0.393581 -0.917494 -0.0574331 348.742 
-0.515605 -0.168594 -0.840076 10307.5 
1169.49 796.942
##
#FRAME_297
0.782456 0.42387 -0.456177 1079.39 
0.346904 -0.905077 -0.245952 352.13 
-0.517127 0.0341967 -0.855225 10417.1 
1169.46 796.94
##
#FRAME_298
0.752585 0.394095 -0.527546 1066.69 
0.364953 -0.916468 -0.164001 348.13 
-0.54811 -0.0691048 -0.833546 10295 
1169.49 796.928
##
#FRAME_299
0.755629 0.395991 -0.521744 1066.15 
0.362706 -0.916246 -0.170111 348.087 
-0.545408 -0.0606986 -0.83597 10285.1 
1169.59 797.021
##
#FRAME_300
0.895489 0.418224 0.152273 1099.41 
0.389919 -0.902134 0.184709 358.899 
0.214621 -0.106031 -0.970925 10594.8 
1169.64 797.035
##
#FRAME_301
0.790218 0.42727 -0.439313 1082.32 
0.348258 -0.902955 -0.25177 352.999 
-0.504254 0.0459591 -0.862332 10437.3 
1169.63 796.997
##
#FRAME_302
0.908982 0.411391 0.0671453 1113.49 
0.400459 -0.906575 0.133246 363.406 
0.115689 -0.0942298 -0.988806 10735 
1169.57 796.989
##
#FRAME_303
0.906913 0.413948 0.0784511 1112.29 
0.400651 -0.904948 0.143346 362.998 
0.130332 -0.0985712 -0.986558 10724.9 
1169.53 796.972
##
#FRAME_304
##
#FRAME_305
##
#FRAME_306
##
#FRAME_307
##
#FRAME_308
0.903326 0.412936 0.116129 1106.19 
0.390863 -0.903902 0.173746 361.243 
0.176715 -0.111558 -0.977919 10660.4 
1169.67 797.053
##
#FRAME_309
0.897516 0.417208 0.142841 1101.97 
0.391453 -0.902904 0.177561 359.839 
0.203052 -0.103448 -0.973688 10621.1 
1169.64 797.03
##
#FRAME_310
0.876771 0.420409 0.233515 1087.26 
0.384533 -0.904471 0.184569 355.01 
0.288803 -0.0720305 -0.954675 10478.8 
1169.6 797.048
##
#FRAME_311
0.909834 0.413444 0.0355821 1119.65 
0.408412 -0.907339 0.0996739 365.424 
0.0734946 -0.0761546 -0.994384 10792.6 
1169.61 797.019
##
#FRAME_312
0.876228 0.417696 0.240321 1089.19 
0.383885 -0.90648 0.175858 355.654 
0.291301 -0.0618362 -0.954631 10494.9 
1169.67 797.064
##
#FRAME_313
##
#FRAME_314
##
#FRAME_315
0.852051 0.439196 -0.284809 1104.6 
0.366001 -0.888837 -0.275702 360.418 
-0.374236 0.130672 -0.918081 10653.3 
1169.57 797.051
##
#FRAME_316
0.897341 0.414625 0.151216 1101.31 
0.386678 -0.903777 0.183486 359.707 
0.212744 -0.106177 -0.971322 10618.7 
1169.54 797.039
##
#FRAME_317
0.779463 0.424451 -0.460737 1077.73 
0.347613 -0.904911 -0.245562 351.688 
-0.521155 0.0312478 -0.85289 10395.1 
1169.62 797.025
##
#FRAME_318
0.781106 0.422703 -0.459561 1078.6 
0.346634 -0.90573 -0.243921 351.983 
-0.519344 0.0312282 -0.853994 10402.4 
1169.63 797.038
##
#FRAME_319
0.794519 0.438595 -0.419968 1087.03 
0.352002 -0.896206 -0.270018 354.69 
-0.494807 0.066705 -0.866439 10483 
1169.62 797.062
##
#FRAME_320
0.794519 0.438595 -0.419968 1087.03 
0.352002 -0.896206 -0.270018 354.69 
-0.494807 0.066705 -0.866439 10483 
1169.63 797.054
##
#FRAME_321
0.809308 0.430055 -0.40009 1089.36 
0.34708 -0.899636 -0.264936 355.309 
-0.473873 0.0755516 -0.877346 10510.2 
1169.53 797.015
##
#FRAME_322
0.773977 0.425769 -0.468701 1079.84 
0.354486 -0.904675 -0.236437 352.258 
-0.52469 0.016849 -0.851127 10419.1 
1169.54 796.997
##
#FRAME_323
##
#FRAME_324
##
#FRAME_325
0.818632 0.436123 -0.373682 1089.05 
0.351432 -0.895013 -0.274678 354.941 
-0.454244 0.0935367 -0.885954 10511.1 
1169.42 796.932
##
#FRAME_326
0.910795 0.412748 0.009544 1123.29 
0.411686 -0.909707 0.0543001 366.498 
0.0310945 -0.0455271 -0.998479 10841.5 
1169.33 796.929
##
#FRAME_327
0.907364 0.410815 0.0889962 1107.87 
0.396919 -0.907066 0.140309 361.463 
0.138367 -0.091987 -0.9861 10698.7 
1169.2 796.841
##
#FRAME_328
0.912098 0.409953 0.00398668 1122.92 
0.409593 -0.911629 0.0341636 365.954 
0.0176398 -0.0295276 -0.999408 10850.2 
1169.08 796.719
##
#FRAME_329
0.912098 0.409953 0.00398668 1122.92 
0.409593 -0.911629 0.0341636 365.954 
0.0176398 -0.0295276 -0.999408 10850.2 
1169.08 796.729
##
#FRAME_330
0.912259 0.408314 0.0326009 1118.45 
0.404191 -0.910235 0.0900152 364.625 
0.066429 -0.0689402 -0.995407 10811.2 
1168.98 796.734
##
#FRAME_331
0.912259 0.408314 0.0326009 1118.45 
0.404191 -0.910235 0.0900152 364.625 
0.066429 -0.0689402 -0.995407 10811.2 
1168.98 796.734
##
#FRAME_332
##
#FRAME_333
0.905266 0.412983 0.0996877 1114.63 
0.420927 -0.90367 -0.0787453 362.762 
0.0575643 0.113247 -0.991898 10775.9 
1168.95 796.657
##
#FRAME_334
0.913563 0.406688 0.00284278 1121.01 
0.406332 -0.913017 0.0359833 365.23 
0.0172295 -0.0317179 -0.999348 10843.9 
1168.85 796.651
##
#FRAME_335
0.912016 0.407821 0.0437011 1114.58 
0.401819 -0.909765 0.104258 363.214 
0.0822763 -0.0775251 -0.99359 10780.2 
1168.87 796.653
##
#FRAME_336
0.911401 0.411489 0.0049791 1123.33 
0.411517 -0.91129 -0.0142559 365.945 
-0.00132873 0.0150418 -0.999886 10860 
1168.96 796.687
##
#FRAME_337
0.897243 0.406644 0.172036 1104.68 
0.426063 -0.899622 -0.0956545 359.514 
0.11587 0.159124 -0.980436 10676.5 
